•FILE (1022)

		•FORM (1014)
		
				•VMDL (0)
				
				•VERS (4)
				 1, 0, 0, 0
				
				•PREF (514)
				
						•FORM (506)
						
								•VPRF (0)
								
								•VERS (4)
								 1, 0, 0, 0
								
								•PRND (16)
								 0, 0, 0, 3, 0, 0, 0, 4, 0, 0, 0, 7, 0, 0, 1, 0
								
								•PNAV (16)
								 0, 0, 0, 3, 0, 0, 0, 6, 0, 133, 0, 100, 0, 35, 0, 36
								
								•PDEF (82)
								 0, 16, 0, 5, 0, 0, 0, 0, 0, 0, 0, 0, 0, 66, 0, 0, 0, 0, 0, 0, 0, 0, 0, 0, 0, 0, 0, 0, 0, 0, 0, 0, 0, 0, 0, 0, 0, 0, 0, 0, 0, 96, 0, 0, 0, 96, 0, 0, 0, 96, 0, 0, 0, 255, 255, 255, 7, 85, 110, 110, 97, 109, 101, 100, 0, 0, 7, 85, 110, 110, 97, 109, 101, 100, 0, 0, 0, 1, 0, 255, 255, 255
								
								•PEDT (32)
								 0, 0, 0, 35, 0, 0, 0, 2, 0, 255, 255, 255, 0, 84, 198, 255, 0, 0, 0, 0, 0, 192, 192, 192, 0, 110, 84, 255, 0, 181, 0, 255
								
								•PUNT (44)
								 0, 1, 0, 1, 63, 154, 2, 117, 37, 70, 10, 166, 63, 240, 0, 0, 0, 0, 0, 0, 63, 240, 0, 0, 0, 0, 0, 0, 11, 67, 117, 115, 116, 111, 109, 32, 78, 97, 109, 101, 2, 99, 117, 0
								
								•TRNS (52)
								 0, 15, 0, 0, 0, 0, 0, 0, 0, 0, 0, 1, 0, 0, 0, 1, 0, 1, 0, 2, 0, 2, 0, 2, 0, 1, 0, 10, 0, 5, 0, 0, 0, 0, 2, 128, 1, 224, 0, 32, 1, 1, 0, 0, 0, 1, 0, 2, 0, 0, 0, 10
								
								•PMOD (118)
								 0, 0, 0, 0, 0, 0, 0, 0, 0, 0, 0, 0, 0, 0, 0, 0, 0, 0, 0, 0, 0, 0, 0, 0, 0, 77, 216, 255, 0, 4, 0, 1, 0, 0, 0, 0, 0, 0, 0, 0, 0, 0, 0, 0, 0, 96, 96, 96, 0, 1, 0, 0, 0, 2, 255, 255, 222, 0, 255, 255, 199, 0, 0, 0, 247, 0, 0, 128, 128, 128, 0, 1, 0, 0, 0, 2, 0, 0, 209, 0, 0, 0, 105, 0, 0, 0, 104, 0, 0, 112, 112, 112, 0, 1, 0, 0, 0, 2, 255, 255, 251, 0, 255, 255, 30, 0, 255, 255, 137, 0, 0, 128, 128, 128, 0, 1, 0, 0
								
								•PWIN (66)
								 0, 3, 0, 237, 0, 88, 5, 97, 3, 30, 0, 0, 0, 0, 0, 1, 0, 0, 0, 12, 0, 237, 0, 88, 5, 97, 3, 10, 0, 0, 0, 0, 0, 0, 128, 0, 0, 1, 0, 237, 3, 10, 5, 97, 3, 110, 0, 0, 0, 0, 0, 1, 0, 0, 0, 7, 0, 1, 0, 0, 0, 0, 7, 128, 3, 217
								
				•CPRF (52)
				 0, 2, 0, 0, 0, 0, 0, 0, 0, 0, 0, 0, 0, 0, 0, 96, 0, 0, 0, 96, 0, 0, 0, 96, 0, 0, 0, 255, 255, 255, 0, 0, 0, 0, 0, 84, 198, 255, 0, 16, 0, 5, 0, 7, 0, 3, 0, 1, 0, 255, 255, 255
				
				•VPRF (32)
				 0, 1, 0, 0, 0, 0, 0, 0, 0, 0, 0, 66, 0, 0, 0, 0, 0, 0, 0, 0, 0, 0, 0, 0, 0, 0, 0, 35, 0, 36, 0, 0
				
				•LAYR (16)
				 0, 1, 7, 85, 110, 110, 97, 109, 101, 100, 0, 0, 0, 0, 0, 14
				
				•ROOT (336)
				
						•UNIT (8)
						 63, 154, 2, 117, 37, 70, 10, 166
						
						•LGHT (90)
						 0, 4, 0, 1, 0, 0, 0, 0, 0, 0, 0, 0, 0, 0, 0, 0, 0, 96, 96, 96, 0, 1, 0, 0, 0, 2, 255, 255, 222, 0, 255, 255, 199, 0, 0, 0, 247, 0, 0, 128, 128, 128, 0, 1, 0, 0, 0, 2, 0, 0, 209, 0, 0, 0, 105, 0, 0, 0, 104, 0, 0, 112, 112, 112, 0, 1, 0, 0, 0, 2, 255, 255, 251, 0, 255, 255, 30, 0, 255, 255, 137, 0, 0, 128, 128, 128, 0, 1, 0, 0
						
						•COLR (8)
						 0, 77, 216, 255, 255, 77, 216, 255
						
						•ELGT (10)
						 0, 4, 0, 1, 0, 1, 0, 1, 0, 1
						
						•PRSM (180)
						
								•LOCK (2)
								 0, 0
								
								•LNUM (2)
								 0, 0
								
								•COLR (8)
								 0, 0, 213, 0, 255, 0, 213, 0
								
								•POLY (80)
								 0, 3, 3, 1, 0, 1, 255, 208, 0, 0, 0, 48, 0, 0, 0, 0, 0, 0, 0, 0, 0, 0, 0, 0, 0, 0, 0, 0, 0, 0, 0, 6, 0, 116, 48, 130, 0, 67, 21, 0, 0, 116, 48, 130, 255, 188, 235, 1, 0, 0, 0, 0, 255, 121, 214, 1, 255, 139, 207, 127, 255, 188, 235, 0, 255, 139, 207, 126, 0, 67, 20, 255, 0, 0, 0, 0, 0, 134, 41, 255
								
								•POSN (48)
								 0, 0, 0, 0, 0, 0, 0, 0, 0, 48, 0, 0, 0, 0, 0, 0, 0, 0, 0, 0, 0, 0, 0, 0, 0, 0, 0, 0, 0, 0, 0, 0, 0, 0, 0, 0, 0, 1, 0, 0, 0, 1, 0, 0, 0, 1, 0, 0
								
				•TXTB (0)
				
