•FILE (1374)

		•FORM (1366)
		
				•VMDL (0)
				
				•VERS (4)
				 1, 0, 0, 0
				
				•PREF (514)
				
						•FORM (506)
						
								•VPRF (0)
								
								•VERS (4)
								 1, 0, 0, 0
								
								•PRND (16)
								 0, 0, 0, 3, 0, 0, 0, 4, 0, 0, 0, 7, 0, 0, 1, 0
								
								•PNAV (16)
								 0, 0, 0, 3, 0, 0, 0, 6, 0, 133, 0, 100, 0, 35, 0, 36
								
								•PDEF (82)
								 0, 16, 0, 5, 0, 0, 0, 0, 0, 0, 0, 0, 0, 66, 0, 0, 0, 0, 0, 0, 0, 0, 0, 0, 0, 0, 0, 0, 0, 0, 0, 0, 0, 0, 0, 0, 0, 0, 0, 0, 0, 96, 0, 0, 0, 96, 0, 0, 0, 96, 0, 0, 0, 255, 255, 255, 7, 85, 110, 110, 97, 109, 101, 100, 0, 0, 7, 85, 110, 110, 97, 109, 101, 100, 0, 0, 0, 1, 0, 255, 255, 255
								
								•PEDT (32)
								 0, 0, 0, 35, 0, 0, 0, 2, 0, 255, 255, 255, 0, 84, 198, 255, 0, 0, 0, 0, 0, 192, 192, 192, 0, 110, 84, 255, 0, 181, 0, 255
								
								•PUNT (44)
								 0, 1, 0, 1, 63, 154, 2, 117, 37, 70, 10, 166, 63, 240, 0, 0, 0, 0, 0, 0, 63, 240, 0, 0, 0, 0, 0, 0, 11, 67, 117, 115, 116, 111, 109, 32, 78, 97, 109, 101, 2, 99, 117, 0
								
								•TRNS (52)
								 0, 15, 0, 0, 0, 0, 0, 0, 0, 0, 0, 1, 0, 0, 0, 1, 0, 1, 0, 2, 0, 2, 0, 2, 0, 1, 0, 10, 0, 5, 0, 0, 0, 0, 2, 128, 1, 224, 0, 32, 1, 1, 0, 0, 0, 1, 0, 2, 0, 0, 0, 10
								
								•PMOD (118)
								 0, 0, 0, 0, 0, 0, 0, 0, 0, 0, 0, 0, 0, 0, 0, 0, 0, 0, 0, 0, 0, 0, 0, 0, 0, 77, 216, 255, 0, 4, 0, 1, 0, 0, 0, 0, 0, 0, 0, 0, 0, 0, 0, 0, 0, 96, 96, 96, 0, 1, 0, 0, 0, 2, 255, 255, 222, 0, 255, 255, 199, 0, 0, 0, 247, 0, 0, 128, 128, 128, 0, 1, 0, 0, 0, 2, 0, 0, 209, 0, 0, 0, 105, 0, 0, 0, 104, 0, 0, 112, 112, 112, 0, 1, 0, 0, 0, 2, 255, 255, 251, 0, 255, 255, 30, 0, 255, 255, 137, 0, 0, 128, 128, 128, 0, 1, 0, 0
								
								•PWIN (66)
								 0, 3, 0, 236, 0, 76, 4, 4, 2, 110, 0, 0, 0, 0, 0, 1, 0, 0, 0, 12, 0, 236, 0, 76, 4, 4, 2, 90, 0, 0, 0, 0, 0, 0, 128, 0, 0, 1, 0, 236, 2, 90, 4, 4, 2, 190, 0, 0, 0, 0, 0, 1, 0, 0, 0, 7, 0, 1, 0, 0, 0, 0, 4, 168, 2, 220
								
				•CPRF (52)
				 0, 2, 0, 0, 0, 0, 0, 0, 0, 0, 0, 0, 0, 0, 0, 96, 0, 0, 0, 96, 0, 0, 0, 96, 0, 0, 0, 255, 255, 255, 0, 0, 0, 0, 0, 84, 198, 255, 0, 16, 0, 5, 0, 7, 0, 3, 0, 1, 0, 255, 255, 255
				
				•VPRF (32)
				 0, 1, 0, 0, 0, 0, 0, 0, 0, 0, 0, 66, 0, 0, 0, 0, 0, 0, 0, 0, 0, 0, 0, 0, 0, 0, 0, 35, 0, 36, 0, 0
				
				•LAYR (16)
				 0, 1, 7, 85, 110, 110, 97, 109, 101, 100, 0, 0, 0, 0, 0, 14
				
				•ROOT (688)
				
						•UNIT (8)
						 63, 154, 2, 117, 37, 70, 10, 166
						
						•LGHT (90)
						 0, 4, 0, 1, 0, 0, 0, 0, 0, 0, 0, 0, 0, 0, 0, 0, 0, 96, 96, 96, 0, 1, 0, 0, 0, 2, 255, 255, 222, 0, 255, 255, 199, 0, 0, 0, 247, 0, 0, 128, 128, 128, 0, 1, 0, 0, 0, 2, 0, 0, 209, 0, 0, 0, 105, 0, 0, 0, 104, 0, 0, 112, 112, 112, 0, 1, 0, 0, 0, 2, 255, 255, 251, 0, 255, 255, 30, 0, 255, 255, 137, 0, 0, 128, 128, 128, 0, 1, 0, 0
						
						•COLR (8)
						 0, 77, 216, 255, 255, 77, 216, 255
						
						•ELGT (10)
						 0, 4, 0, 1, 0, 1, 0, 1, 0, 1
						
						•PRSM (532)
						
								•LOCK (2)
								 0, 0
								
								•LNUM (2)
								 0, 0
								
								•COLR (8)
								 0, 255, 255, 255, 255, 255, 255, 255
								
								•POLY (64)
								 0, 2, 3, 1, 0, 1, 255, 208, 0, 0, 0, 48, 0, 0, 0, 0, 0, 0, 0, 0, 0, 0, 0, 0, 0, 0, 0, 0, 0, 0, 0, 4, 1, 77, 0, 0, 0, 60, 0, 0, 1, 77, 0, 0, 255, 64, 0, 0, 255, 217, 0, 0, 255, 64, 0, 0, 255, 217, 0, 0, 0, 60, 0, 0
								
								•POSN (48)
								 255, 135, 164, 140, 255, 82, 100, 78, 0, 48, 0, 0, 0, 0, 0, 0, 0, 0, 0, 0, 0, 3, 36, 60, 0, 0, 0, 0, 0, 0, 0, 0, 0, 0, 0, 0, 0, 1, 0, 0, 0, 1, 0, 0, 0, 1, 0, 0
								
								•PRSM (172)
								
										•LOCK (2)
										 0, 0
										
										•LNUM (2)
										 0, 0
										
										•COLR (8)
										 0, 0, 0, 255, 255, 0, 0, 255
										
										•POLY (72)
										 0, 1, 3, 1, 0, 1, 255, 208, 0, 0, 0, 48, 0, 0, 0, 0, 0, 0, 0, 0, 0, 0, 0, 0, 0, 0, 0, 0, 0, 0, 0, 5, 0, 15, 115, 149, 0, 20, 44, 185, 0, 35, 171, 195, 255, 223, 225, 186, 255, 236, 122, 6, 255, 212, 38, 91, 255, 110, 158, 22, 0, 64, 10, 247, 255, 246, 5, 47, 0, 46, 243, 121
										
										•POSN (48)
										 255, 66, 165, 133, 255, 142, 100, 225, 0, 48, 0, 0, 0, 0, 0, 0, 0, 0, 0, 0, 255, 255, 211, 80, 0, 0, 0, 0, 0, 0, 0, 0, 0, 0, 0, 0, 0, 1, 0, 0, 0, 1, 0, 0, 0, 1, 0, 0
										
								•PRSM (180)
								
										•LOCK (2)
										 0, 0
										
										•LNUM (2)
										 0, 0
										
										•COLR (8)
										 0, 0, 213, 0, 255, 0, 213, 0
										
										•POLY (80)
										 0, 1, 3, 1, 0, 1, 255, 208, 0, 0, 0, 48, 0, 0, 0, 0, 0, 0, 0, 0, 0, 0, 0, 0, 0, 0, 0, 0, 0, 0, 0, 6, 0, 41, 145, 184, 0, 24, 0, 0, 0, 41, 145, 184, 255, 232, 0, 1, 0, 2, 3, 54, 255, 98, 235, 2, 255, 214, 110, 72, 255, 232, 0, 0, 255, 214, 110, 72, 0, 24, 0, 0, 0, 0, 0, 0, 0, 48, 0, 0
										
										•POSN (48)
										 254, 154, 165, 157, 255, 94, 103, 9, 0, 48, 0, 0, 0, 0, 0, 0, 0, 0, 0, 0, 0, 3, 36, 60, 0, 0, 0, 0, 0, 0, 0, 0, 0, 0, 0, 0, 0, 1, 0, 0, 0, 1, 0, 0, 0, 1, 0, 0
										
				•TXTB (0)
				
